1403715273.312143087 0.000000525 0.000000004 -0.000000097 -0.000000267 -0.000112499 -0.000002287 0.999999994
1403715273.362143040 0.000000942 0.000000755 0.000009859 -0.000041045 -0.190737615 -0.005939972 0.981623083
1403715276.762142897 0.000169714 -0.000179166 -0.000514525 -0.001056908 -0.190488619 -0.006626221 0.981666472
1403715278.562143087 0.000601702 -0.000974603 -0.002961582 -0.016756775 -0.190677506 -0.006947246 0.981485117
1403715278.662142992 0.001165714 -0.001452644 -0.004647182 -0.027368693 -0.189231347 -0.007565833 0.981521885
1403715278.762142897 0.001288865 -0.002477553 -0.006512794 -0.039801998 -0.184162635 -0.005288368 0.982075332
1403715278.862143040 0.001841055 -0.003196919 -0.008646646 -0.053671976 -0.180840143 -0.006905239 0.982022647
1403715279.012142897 0.009560718 0.125700499 0.017947849 -0.033617990 -0.185670094 0.012040743 0.981963068
1403715279.962142944 0.007543021 0.172190654 0.056715799 -0.023843650 -0.187220799 -0.000184941 0.982028420
1403715280.362143040 0.006299556 0.225111851 0.057420260 -0.000320778 -0.194976111 -0.015345168 0.980687891
1403715280.612143040 0.009448708 0.272152082 0.076557258 -0.015051814 -0.209755687 0.001480141 0.977636847
1403715280.862143040 0.010031162 0.313350032 0.103675817 -0.025664854 -0.258262479 0.029291736 0.965289491
1403715281.162142992 0.012258675 0.353993797 0.143309062 -0.032686530 -0.304215201 0.045108270 0.950973158
1403715281.562143087 0.009093895 0.394604200 0.201233262 -0.033947885 -0.360101986 0.065177965 0.930013943
1403715281.812143087 -0.001422202 0.408105595 0.240879717 -0.039634889 -0.422120410 0.088452919 0.901343173
1403715282.212142944 -0.028057768 0.415263442 0.315959634 -0.053107973 -0.518886330 0.125911642 0.843849974
1403715282.512142897 -0.051429674 0.421091306 0.385109892 -0.064506931 -0.583002992 0.143544263 0.797083064
1403715282.962142944 -0.101354395 0.432688621 0.505349187 -0.093502903 -0.658679962 0.174137563 0.725998639
1403715283.562143087 -0.150806760 0.437760562 0.664223890 -0.130882719 -0.741853881 0.197629900 0.627267850
1403715285.162142992 -0.312289599 0.503062196 0.828104368 -0.198648001 -0.782142790 0.170093252 0.565561591
1403715286.612143040 -0.224617640 0.726137260 0.586028406 -0.212978785 -0.811038250 0.179592503 0.514396274
1403715287.212142944 -0.258167710 0.799966816 0.451617195 -0.232968578 -0.836175492 0.171386200 0.466007467
1403715287.662142992 -0.308056401 0.869298410 0.374841797 -0.265676328 -0.835680677 0.182219790 0.444803150
1403715287.962142944 -0.317803839 0.913686746 0.308323288 -0.278058369 -0.858268732 0.200553167 0.381885787
1403715290.862143040 -0.558357435 0.772544813 -0.108754105 -0.291655738 -0.889905349 0.271569733 0.221935308
1403715291.212142944 -0.598934693 0.818108205 -0.214381280 -0.339784530 -0.877343749 0.267790350 0.207612012
1403715292.362143040 -0.612819208 0.732017605 -0.559592800 -0.351123851 -0.876663764 0.264528281 0.195441741
1403715292.862143040 -0.658576737 0.728511812 -0.746309955 -0.339039097 -0.868642389 0.164360652 0.321711775
1403715293.212142944 -0.669618013 0.792927042 -0.871142100 -0.338443594 -0.833726023 0.130965438 0.416178936
1403715293.612143040 -0.629291717 0.895125580 -0.998141307 -0.337436641 -0.801250859 0.075930038 0.488229664
1403715294.112143040 -0.518862909 1.023958480 -1.129187725 -0.316726331 -0.761431941 0.015363067 0.565393497
1403715295.062143087 -0.605354551 0.866017115 -1.305548985 -0.258434275 -0.654777672 -0.122930151 0.699547070
1403715295.862143040 -0.531281618 0.852865121 -1.355470509 -0.212267859 -0.544926916 -0.244904842 0.773316643
1403715296.512142897 -0.535641403 0.736102116 -1.430237872 -0.163472904 -0.488137456 -0.271398816 0.813228821
1403715297.212142944 -0.535956162 0.750930467 -1.551112121 -0.118348280 -0.436108611 -0.323983329 0.831166510
1403715297.962142944 -0.645289120 0.987698648 -1.628056559 -0.049598264 -0.298048570 -0.405184072 0.862863216
1403715298.362143040 -0.706008189 1.165239526 -1.679036225 -0.014676927 -0.237734655 -0.502189255 0.831307869
1403715300.012142897 -0.546750461 1.198983567 -1.508071061 0.152960138 -0.029647653 -0.533227120 0.831500482
1403715301.012142897 -0.448415231 1.346836819 -1.223316743 0.158646552 0.020231663 -0.575105472 0.802293991
1403715303.612143040 -0.496893985 1.014418448 -1.868257315 0.252006695 0.098750648 -0.598958698 0.753650723
1403715304.062143087 -0.461141779 0.895577316 -1.874833647 0.302767530 0.198893455 -0.579864552 0.729746749
1403715304.862143040 -0.508460566 0.786442768 -1.916312597 0.303596273 0.186820989 -0.590568222 0.723986461
1403715307.312143087 -0.258903994 1.141969293 -2.046055044 0.156625474 0.002321014 -0.619024482 0.769591947
1403715308.312143087 -0.489696853 1.245914637 -2.254602246 0.052964062 -0.218136079 -0.553930540 0.801730888
1403715310.012142897 -0.526146836 1.463465116 -2.114440428 0.044339379 -0.182919454 -0.524885425 0.830102273
1403715310.412142992 -0.552845824 1.584434039 -2.136606927 -0.003476574 -0.202338341 -0.541516132 0.815970213
1403715311.412142992 -0.621474562 1.831598596 -2.301605686 -0.007760016 -0.277805618 -0.496473330 0.822361267
1403715312.112143040 -0.666474402 2.087131288 -2.318790802 -0.022159000 -0.293652438 -0.510563118 0.807838181
1403715312.812143087 -0.735406923 2.356787051 -2.251314176 -0.046192256 -0.289376146 -0.523008624 0.800368478
1403715314.112143040 -0.612595262 2.533821961 -2.268099368 -0.042754522 -0.304818154 -0.516141142 0.799284846
1403715315.712142944 -0.488852689 2.309614034 -2.115201411 -0.144851263 -0.417101483 -0.439823143 0.782048635
1403715316.312143087 -0.460862793 2.211214537 -2.091038981 -0.207277891 -0.518380729 -0.383243778 0.735827087
1403715317.212142944 -0.548043990 2.133547918 -1.938554836 -0.308706307 -0.603474809 -0.308025981 0.667561657
1403715318.012142897 -0.584942885 2.094766901 -1.765490367 -0.437387399 -0.678614152 -0.168682976 0.565438899
1403715318.512142897 -0.559106832 2.099240568 -1.702570563 -0.454827292 -0.707384854 -0.147891101 0.520448868
1403715319.262142897 -0.628891128 2.130406957 -1.827390491 -0.488957231 -0.757703340 -0.071025914 0.426335308
1403715319.912142992 -0.643445899 2.336458053 -1.936734051 -0.533552281 -0.767715750 -0.017048181 0.354462762
1403715320.362143040 -0.586112617 2.573717465 -1.993470157 -0.566625753 -0.771169255 0.013388342 0.289920659
1403715322.862143040 -0.373837650 2.239067843 -1.953851207 -0.608081896 -0.753741132 0.231297091 0.092802852
1403715323.712142944 -0.277870835 1.960104775 -2.240598716 -0.607470323 -0.764347414 0.204969662 0.068849661
1403715327.862143040 -0.103797137 1.475180827 -1.888511007 -0.626251831 -0.745998136 0.197864325 0.110204962
1403715329.062143087 -0.060766909 1.126925204 -1.715848028 -0.596606666 -0.768203845 0.111438606 0.203727209
1403715332.862143040 0.144827490 0.893015290 -1.890957814 -0.528954899 -0.729505025 -0.062537578 0.429089949
1403715334.112143040 0.192234422 0.580852124 -2.268964371 -0.499772725 -0.717950171 -0.116104634 0.470419482
1403715335.062143087 0.244312380 0.373077670 -2.568906883 -0.481229711 -0.719348674 -0.137693907 0.481659463
1403715336.362143040 0.216407926 0.310640240 -3.017587056 -0.451490964 -0.688067329 -0.201130911 0.531286755
1403715337.862143040 0.233567196 0.426362969 -3.432874827 -0.417957270 -0.661038642 -0.234248259 0.577466352
1403715338.362143040 0.231848223 0.513530977 -3.591704237 -0.424541119 -0.656819292 -0.233856635 0.577636850
1403715338.712142944 0.234725068 0.573352278 -3.701372970 -0.395130546 -0.635981142 -0.269564876 0.605586175
1403715339.462142944 0.210774418 0.693186598 -3.959386276 -0.356724384 -0.621381022 -0.302636930 0.628525439
1403715340.362143040 0.124185614 0.863266393 -4.119895765 -0.311786748 -0.599966739 -0.350153018 0.648245170
1403715344.062143087 0.011619336 1.883292933 -3.518326190 -0.220151806 -0.500537792 -0.437843183 0.713644483
1403715344.812143087 -0.022050037 1.984754014 -3.178506878 -0.171476781 -0.463345783 -0.496655918 0.713610046
1403715346.412142992 0.012158644 1.565224187 -2.283220432 -0.171606298 -0.450283145 -0.461963745 0.744570928
1403715347.362143040 0.088296329 1.379332593 -1.869308766 -0.173935203 -0.450580136 -0.467270555 0.740528403
1403715347.912142992 0.153286363 1.282153337 -1.660901802 -0.131645196 -0.386597919 -0.504410680 0.760776877
1403715348.262142897 0.195348391 1.209562355 -1.542927484 -0.074897576 -0.321629533 -0.514146431 0.791579588
1403715348.762142897 0.151550790 1.162782667 -1.433691684 -0.021085063 -0.273551611 -0.531859117 0.801155925
1403715351.312143087 -0.323514996 1.494050143 -1.360441542 0.089582019 -0.186565829 -0.609046983 0.765656598
1403715352.512142897 -0.169753934 1.211616702 -0.937117440 0.142848772 -0.100326191 -0.588604629 0.789350033
1403715355.212142944 -0.068283928 0.999810850 -0.518616570 0.174583001 -0.067098868 -0.615633082 0.765515791
1403715356.262142897 0.070985027 1.042700122 -0.361541154 0.248098735 0.027029557 -0.655488835 0.712776829
1403715357.012142897 0.122382462 0.927580126 -0.215895853 0.286792076 0.053599928 -0.626090811 0.723109708
1403715357.462142944 0.192726856 0.854668422 -0.082069130 0.321367036 0.126695046 -0.639862248 0.686474979
1403715358.462142944 0.279585847 0.567331668 0.187482590 0.332549729 0.132867695 -0.655305111 0.665080495
1403715358.762142897 0.303687627 0.405688157 0.250870141 0.339375227 0.175434221 -0.641278158 0.665439413
1403715359.462142944 0.325614059 0.063565204 0.336830870 0.347894275 0.206444099 -0.633363155 0.659698053
1403715359.962142944 0.359662581 -0.111879306 0.308609553 0.355763159 0.195627414 -0.626557010 0.665273479
1403715360.862143040 0.439940559 -0.289382529 0.208985242 0.307545087 0.105502893 -0.622840633 0.711586049
1403715361.262142897 0.473313792 -0.295498729 0.212677878 0.235696372 0.011644116 -0.635967048 0.734749990
1403715361.862143040 0.489281258 -0.348925960 0.222370716 0.165920733 -0.096359002 -0.627208502 0.754847500
1403715362.412142992 0.468506995 -0.449775312 0.288268709 0.071886673 -0.205959493 -0.606730157 0.764389632
1403715362.962142944 0.454186065 -0.617258716 0.410863625 -0.041678465 -0.299030769 -0.537284692 0.787507882
1403715363.762142897 0.500591601 -0.659812903 0.470477357 -0.161813348 -0.416156887 -0.485706091 0.751478196
1403715364.262142897 0.522657203 -0.597366735 0.398165245 -0.254864943 -0.495388905 -0.438732545 0.705086837
1403715364.912142992 0.590820248 -0.520905884 0.247520232 -0.269835089 -0.529378847 -0.421236649 0.685205623
1403715368.312143087 0.777101282 -0.422731291 -0.918365576 -0.388499890 -0.612859995 -0.310498093 0.614053252
1403715371.562143087 0.530461060 0.433771944 -2.295042363 -0.262856096 -0.541112003 -0.401283319 0.690707008
1403715373.212142944 0.399869619 1.390165384 -2.609370647 -0.237653630 -0.487937708 -0.445953881 0.711732170
1403715375.812143087 0.273378586 2.301472331 -2.404468490 -0.102580323 -0.378554600 -0.537468948 0.746525835
1403715377.012142897 0.180015973 2.364802439 -1.987208798 -0.116507695 -0.347557675 -0.563038856 0.740686753
1403715379.612143040 0.273794456 1.494365504 -1.555994291 -0.057920653 -0.367140040 -0.555469588 0.743846037
1403715380.562143087 0.357874237 1.170355093 -1.128862031 -0.082727473 -0.355374991 -0.553793599 0.748450019
1403715383.712142944 0.524954963 0.118168665 0.184087771 -0.255494934 -0.518672881 -0.417308165 0.701109604
1403715385.312143087 0.463363996 0.309569072 0.463770449 -0.456999593 -0.682999280 -0.213165244 0.528416440
1403715388.812143087 0.415784343 0.184249906 -0.868833443 -0.454994177 -0.671897515 -0.234208157 0.535425594
1403715389.512142897 0.434322958 0.161209240 -1.299271726 -0.442954461 -0.677299525 -0.249116362 0.531975316
1403715392.412142992 0.313237270 1.208709074 -2.289908205 -0.236458327 -0.504171906 -0.443402944 0.702347477
1403715393.712142944 0.317805442 1.907322946 -2.482081849 -0.020388209 -0.285066113 -0.611392045 0.737916933
1403715394.462142944 0.310258188 1.991189268 -2.469980122 0.137985889 -0.104514578 -0.651294611 0.738817926
1403715395.412142992 0.311514208 1.893281865 -2.520106803 0.360556522 0.139469946 -0.660171540 0.643988094
1403715395.862143040 0.288295156 1.778942420 -2.562196647 0.418600308 0.209609463 -0.648654493 0.600070833
1403715399.812143087 0.098715654 0.967982073 -2.132988495 0.449236784 0.236886983 -0.644289700 0.571805606
1403715400.712142944 0.167328017 0.763679979 -2.448688056 0.364722814 0.115481289 -0.669751312 0.636454650
1403715401.812143087 0.279720558 0.157879932 -2.576560459 0.278369402 0.023651287 -0.641256347 0.714661731
1403715403.412142992 0.418562315 -0.552844103 -2.459527971 0.230962394 -0.063119488 -0.645971709 0.724839882
1403715405.712142944 0.462479861 -1.124453553 -1.547354774 -0.079532431 -0.362795362 -0.550933504 0.747346234
1403715406.212142944 0.419704517 -1.157455590 -1.384597298 -0.190017457 -0.454140487 -0.498083167 0.713836776
1403715407.912142992 0.208873927 -0.858640833 -1.013816445 -0.363372863 -0.618103245 -0.350097718 0.602777014
1403715408.662142992 0.277206024 -0.462360608 -0.858604762 -0.369660711 -0.579426104 -0.387620969 0.614301500
1403715410.212142944 0.393091123 -0.133259069 -0.646246018 -0.250845528 -0.519716027 -0.450112782 0.681447178
1403715415.012142897 0.076139386 -0.171613711 -0.418458064 -0.256729900 -0.484572742 -0.451913253 0.703600332
