0.05000019173486328072 0.01133617920297933478 0.00016108295136838308 -0.00460691388548378853 -0.00015289973957529924 0.00095558820107614440 0.00381759419258000457 0.45366521204955129187 0.00652181497757272060 -0.18412049387131126932
0.04999995331628417916 0.01132645095771081870 0.00016213646355954726 -0.00463582199731727047 -0.00021214123354340529 0.00097313383503772760 0.00385577444882217969 0.45288109255538278042 0.00656544672661448902 -0.18580522985293629334
3.39999985794885262180 51.54202180185882298247 5.11765018563136475649 -22.42756867574345491789 -0.00120996862285467762 0.06803790576226485809 0.26216449495300753192 29.97960230087835142854 4.29721695897651301266 -13.52759501795608798602
1.80000019173486336399 14.58294402226067809636 0.86760759832335032637 -6.11697313835087719269 -0.01117372469613550807 0.05938118771957786451 0.14527542561918971309 16.25032446881182934817 1.32490811820510745456 -6.84038662260773211443
0.09999990563256835885 0.05100241291779505914 -0.00063139450550100127 -0.01686843734270784476 -0.00194106468166542630 0.01581720426494479664 0.00865891267787126037 1.00814659609918999550 -0.00818395507143705910 -0.33798882001143509823
0.09999990563256835885 0.05307158251061372400 -0.00056707348613194066 -0.01771383489762143673 0.00183895663033441714 0.01559043043264780534 0.01603572957394594836 1.03792471600445823654 0.00169095242964012829 -0.35335686033860158606
0.10000014405114746041 0.04680320521661533034 0.00065158609196635890 -0.01799114725484059901 0.00241706308929220005 0.01475719324652530889 0.01224569958977862402 0.92842525248821472506 0.01920169123866931685 -0.36678490849591688372
0.14999985794885253854 0.08765506466113229256 0.00356994974184267908 -0.03711522103613593138 -0.00110304670111236727 0.00739262892601525931 0.00897431525804135051 1.10436486962541891010 0.04700971137660243243 -0.47838408165642659631
0.95000004868371579203 3.86912055697595169690 1.22885912476734193710 -1.19335158898227411406 -0.00249001654277410675 -0.00613078014692938506 0.06943697731972929554 8.39184512283662975562 2.68967702048040724350 -2.62230460946671950495
0.40000009636743161234 0.73779795659095015470 0.04715592927574559917 -0.26771692485649728477 -0.01739907230916438660 -0.03207383418453675639 -0.01197898175860059693 3.70673845758682984908 0.22228404166317639046 -1.32772066061475446652
0.25000000099999997172 0.27159999972534937251 0.04256647474691001992 -0.10659854230699515598 -0.03455033454407233084 0.02673267275328060702 0.05949742528477579978 2.17569060280547299513 0.36320949070725516705 -0.87051371065966454132
0.25000000099999997172 0.27506942652962257378 0.02031716395228826480 -0.11121688233759328968 -0.10403135518042343211 0.01682754536899616626 0.07337885036162726526 2.21152308573076350484 0.16698349356826691636 -0.90218473284913991428
0.29999995331628415141 0.40431513156462989267 0.00516357583206547566 -0.17307609303731821826 -0.09390148745353975313 0.01249641775414135278 0.05634635671931722406 2.70533447492577039384 0.04631814891105363180 -1.14579708458229867496
0.40000009636743161234 0.70176102348460134284 0.00923480666427729108 -0.33620039248758348815 -0.12006784290565802875 0.00197129074607355851 0.06945808611904807917 3.50679709960848873251 0.05947057119920599877 -1.68065343207671236136
0.25000000099999997172 0.26063002011938629643 -0.00696792743886580444 -0.15412723735754343957 -0.13511054830001628657 0.00533169712223548718 0.06772758167205969460 2.09091022840840956576 -0.06843986653142986043 -1.23760911000185780395
0.39999985794885251078 0.64283404481854766743 -0.04495783829087686423 -0.44062399372466698466 -0.22196213796288624676 0.01879803917082279591 0.11046662746119656484 3.22756752631297549883 -0.24457989963260520772 -2.20063371425420184480
0.29999995331628415141 0.33175605561934312648 -0.03795190366891146999 -0.29659907410779190462 -0.15392169105845759924 0.00604935308978432184 0.07394464257329437518 2.20913517286175897780 -0.27132851615066588824 -1.97163910849748957865
0.45000004868371579203 0.64379590288826582523 -0.09188065106979524665 -0.77157124571562674120 -0.20190160940112114596 0.04054167431588288906 0.12103149345183493446 2.85526474630975934943 -0.45319715730624127170 -3.42375536356111087599
0.60000014405114743266 0.87391925597720654384 -0.22129822482008182361 -1.54666639921584270212 -0.24388508655215804244 0.02917738196806054368 0.15665196064179828794 2.93224736908311101047 -0.86247971948468926673 -5.13001262668293911418
1.59999990563256844212 3.88013364427496920683 -0.97992040405404567949 -12.24681008847233520953 -0.13171376125512651578 0.06728817227872624374 0.16318730465770933669 4.76026243409470861678 -1.16645800278883204903 -15.37453740833543491817
1.45000004868371590305 1.54531957607045944414 -0.05919309040641809738 -10.47431845408001116482 -0.13608878252646869345 -0.03540699899974405346 0.13190507814499405348 1.89530159932816366641 -0.25453412696073690613 -14.35458260061160196130
0.59999990563256833109 -0.35301826681762088489 0.32115252859689519260 -1.72291851501717285799 -0.10413784918125591761 0.01759440481250634444 0.06727098888717895908 -1.12909065796675944782 0.93677954193544854533 -5.78038292570063738651
0.45000004868371579203 -0.23223229971548023376 0.22522520770142218094 -0.92483023288339827328 -0.02582146710855141511 0.01896598540569668576 0.10080873621091904213 -1.05687516383886204174 1.00044190902276830535 -4.12741778132042291816
0.29999995331628415141 -0.16425150766500498656 0.09538876396139008007 -0.40295552558891073458 -0.12937180931175445986 0.02188224767368868520 0.06063428929292982716 -1.12262159827942942236 0.56575414004620716568 -2.68481024483553509796
2.90000009636743172337 -19.41809143864611186814 1.26420664085435530133 -36.18244325067358602155 -0.30276073533640879276 0.05281955399253451811 0.30369466359021568547 -12.86347365376708040685 -1.04512611816759437566 -25.16753019487901354978
0.34999990563256833109 -0.31809009529470927413 0.16690209334844038902 -0.51674344604925348534 -0.00617032893523797917 0.01657164248419547292 0.09065090662264178867 -1.84279094867091797205 0.92647387995341867750 -2.94443002603029801989
1.15000009636743172337 -2.65590447303654997313 1.66633419186627773634 -6.78420682700584443126 -0.05672895369524143944 -0.03596577009262977992 0.02414559740219330078 -4.46202245389922502739 2.62693110594146261860 -11.91078660986092785379
0.50000000099999997172 -0.66037855956639601729 0.73555889236759752770 -0.72033798945246962919 0.28097269661078178027 0.08394914637836460580 -0.09452697742464659381 -2.56078014482315063916 3.12732999533002953285 -2.72498840002922904091
0.34999990563256833109 -0.28468568630950052967 0.37609058719448623664 -0.35549091839189289610 0.21425615995189042917 -0.01283011750655576461 -0.00082867244659236337 -1.71165779741560686311 2.20373240093641076243 -1.92165216491801094101
0.40000009636743161234 -0.46449223971981595804 0.45824474754144672861 -0.46271530913090552772 0.18242559240798786324 0.02235372430473278951 -0.02380107809095521193 -2.32317496221619501640 2.36949235044982842169 -2.23686826954508743981
0.50000000099999997172 -0.60758920314792452810 0.67032053781205791498 -0.85476746332815212170 0.19400548669378342437 -0.02157820909196255660 -0.03813389940223017860 -2.53838429567704082501 2.79641786561145311296 -3.29530337208575918595
0.95000004868371579203 -1.91214673558505987572 2.72963554839621380665 -3.02266040553668613455 0.41525226836624806737 0.02299554215637385907 -0.11524169070602885423 -3.57543248927614776278 6.25292807215210277860 -6.02387138029417368301
0.79999995331628415141 -0.48171235931124473106 1.77411148794021711339 -2.53679028991252231151 0.32630822973587930713 0.05253668537046009973 -0.04939724646918493278 -1.43245966975123151244 4.79857485629168589725 -5.96573490628249292200
0.64999985794885251078 -0.05157977536230774762 1.23910281436876945627 -1.76060443701496827096 0.17110152914039067351 -0.07399984751783202086 0.02135066242725660104 0.09316876727583314755 3.97517666100997146827 -5.36257152249824553536
0.70000004868371579203 0.52124542530296669174 1.42701940000970228795 -1.97223930386363455192 0.15200883087924754733 0.01989695807074359085 -0.04440793262440698164 1.35372861531999810758 4.14130525050677356091 -5.49361337369893654170
0.75000000099999997172 0.84753485948863205302 1.98588313239957958700 -1.80453622400691626737 0.31628723587358686942 0.06217401579555888874 -0.03457104775998309093 2.35901528335218557686 5.47243929205658385939 -4.58108406394950407048
0.40000009636743161234 0.27549985391572462401 0.53286145597089895620 -0.50675023845300981584 0.12407957522679116669 0.06717085091473569414 -0.15738501613256439260 1.48513196904863886694 2.67821715264820037206 -2.48649034703536031543
1.64999985794885262180 5.77817741501956216865 10.41823642764627955160 -6.86245022503182333651 0.49293934147449453009 0.01435555805251135381 0.01368762089267474072 6.60629998783700678189 13.30394176782855275576 -7.21017002271520546230
1.00000000100000008274 2.38975098324071710820 4.15812345557608242785 -2.12703774576576787325 0.04311758585250781428 0.10971680401681173367 -0.00119023100986535195 4.63938002273639948925 8.34788058769377805390 -4.27136259834424869553
2.60000014405114754368 13.61950277703974521160 28.45658011720464486416 -11.64399876310575798755 0.14428676653927013929 0.05972907529867683973 0.03762871477891010369 10.03401595987977401592 22.12702005700116458797 -8.96851469994522432216
0.45000004868371579203 0.39802570218200339358 0.92785804036275143503 -0.13244548040541981315 0.21017705199473463162 0.06056462633083923436 -0.00171034683513182802 1.75179544505941797716 4.14148358532302118817 -0.43638018645829212971
0.79999995331628415141 1.12897808896653861765 2.88519585375214582257 -0.74138656749739184626 -0.05103479834084476141 0.02398082573105980719 0.03029625605285723305 2.88273118091016877784 7.18681085171782374488 -1.97057541205833341991
2.45000004868371590305 7.09972241832418937690 27.61223074095308760434 -5.54015359895448611383 -0.56165715127350102076 0.15093127696763661283 0.17039475733958894810 4.03834257075157943007 22.05495410239592146695 -5.97838330438148624069
1.00000000100000008274 0.94596422966601301230 4.52975214271723203296 -1.52883231893275906010 -0.47938666592871154171 -0.00287378231031181451 0.28152293217496954236 1.57448796907165955439 8.82056431141923624750 -3.79423543811880659149
1.69999981026513680149 3.87809362942995328183 11.89321499108763902086 -5.29040960192946752016 0.04520108743979015659 0.09431034566694405930 0.16582717534870144993 3.95753522808432656177 14.09769720387894587077 -6.06654970325391751373
0.40000009636743161234 0.26984148324231127525 0.71217104896085947630 -0.26131639180283738888 -0.09675836626671757701 0.06972420942045638725 -0.00724437098917506735 1.34671176753256238712 3.51621140892507799691 -1.40509734182289047766
1.00000000100000008274 1.65882743946571964422 4.18615052513502838849 -1.80135603540671374034 -0.14419739978341539199 -0.06066365155337714865 0.13288832765223107524 3.17806408996283362711 8.38653410373043328718 -3.74594695314856895862
0.70000004868371579203 0.84931885032777731936 2.10069459999367591507 -0.89663948162121676067 -0.05412033512331013846 0.02928203268086024269 0.00478852429216852608 2.35809488615534457168 5.98826362561714287125 -2.59890711568825816258
0.70000004868371579203 0.73581174165402996046 2.09069495996039655950 -0.96836617869257235469 -0.02619975361337178316 0.06552445554901563385 0.01807341724372662703 1.99862346493661457991 5.98126145427108379948 -2.78967248478257401345
1.29999995331628426243 2.88437905885358958358 7.21843496921264549115 -3.47694212999817997556 -0.03574018249994752316 -0.00177599577529765360 0.06951473753854008064 4.11320928419694364919 11.17885277210551642213 -5.28612929251994856372
1.59999990563256844212 2.97084466242775402378 10.04791702390627783359 -7.12848001157161359487 -0.31674336466016289604 0.07235426174497944229 0.21262314271132720656 3.28868485304144675396 12.33367553647025971486 -9.49231408046805391621
0.60000014405114743266 0.44705239473238755910 1.44965902710317862123 -0.87654735179473941553 -0.27067214025632296837 -0.01454228766681569043 0.09586744850670149420 1.39263526853683439199 4.71751804919825890039 -3.12034301065194341618
0.89999985794885251078 1.06053872429549711498 2.99991210167083499627 -2.28373300401609213850 -0.30130611404089507888 0.05035733349671232817 0.15642771553609183255 2.13006001726812055352 6.52604731414738292727 -5.41773183928697754652
0.79999995331628415141 0.60226496885653013624 2.21585608642076348218 -2.20495652103038652925 -0.38292932368840099100 0.04908484240564089940 0.24962153119174479432 1.24184838614393888712 5.19749080292993959063 -5.83560917136718959597
0.50000000099999997172 0.15985901811539329764 0.92205193117795258839 -0.80126316172601941279 -0.12215368507919724395 -0.00741815193688606048 0.03505905247080716436 0.59034544025206114881 3.64204512126837531838 -3.28594170597891244157
0.75000000099999997172 0.26634171394752426121 2.02396381327282970375 -1.88862371417680940944 -0.25436207187338943925 -0.01904154465564094831 0.07525208925620727185 0.68717738443667375492 5.17817270053771050442 -5.25879401211437080832
0.65000009636743161234 -0.07163859703961676650 1.55042620970863520569 -1.38075901725848093626 -0.15847550970498014422 0.01254941669413119423 0.10877037009149440050 -0.16035222689451616995 4.65532325621962783657 -4.43130356307523243231
0.45000004868371579203 -0.11618306215642752732 0.80441959441923804874 -0.58473100605459482626 -0.12290774139282266419 0.03423706422267152466 0.07585680223021745716 -0.58278386881992305657 3.52292001519129671649 -2.67285010341704287740
2.50000000100000008274 -8.77561803946488439010 19.84620266259624798977 -21.53365058554901878551 -0.46141410277895933412 -0.08211067259180490630 0.33032362005329457544 -7.12898506023703948387 14.70663326366087808594 -18.06218994133389088574
0.84999990563256833109 -0.37769435156233804873 2.99056296649747155314 -1.74080475484577612555 0.03587118458146928285 0.03439602876681762539 0.01875380126565242070 -0.86405793282790865906 7.08539308537743917071 -4.06200409945641460752
4.15000009636743172337 -20.35982105972160738361 73.35579456443340973237 -30.44849918166778479645 0.28059266777910346624 -0.23481348109843558358 0.14942879038998982399 -10.16823549782868951752 35.57193853941438277388 -13.83490133649317144204
1.20000004868371590305 -0.97294155742401422504 6.44771920173254553532 -2.37960195698854759527 0.28748190888126978759 -0.01274825695278812045 -0.08540639110443906667 -1.54293694414299631390 10.79217796731539280586 -3.67553296247434468924
3.79999995331628426243 -9.37163247868439164279 68.48364490920032210397 -6.90269715937866923383 0.70394954354976602140 -0.12594352560490190696 -0.10467335858769144519 -4.67023272401120070896 36.01296947759795585853 0.02389707506797328351
1.25000000100000008274 -1.79246894881377150099 6.26607566751903721780 -3.23499130865420347902 0.15490665840340422932 -0.01203370055681321493 -0.03317278082776530662 -2.65496018667817512693 10.12067238036748761942 -5.05654648628539149513
0.95000004868371579203 -0.80541763355089757148 3.56102528027391640464 -2.42446657305272283978 0.05829286905359788717 -0.00830962824259249416 -0.01567166212013150137 -1.71230855955594996054 7.51852322778540482773 -5.04134219710975983730
1.29999995331628426243 -0.69186344808664412831 7.21938303911160250692 -4.29966096775050043988 0.18482495484201535985 0.01777524655031600259 -0.01878805170048503462 -1.05294680422788888841 11.36432083574995743902 -6.18577002565106592868
1.50000000100000008274 -0.39926429439244004449 9.27943373872241750178 -5.93519827815344935829 0.14797562612969911156 -0.02424372663751859711 0.00101415664972254920 -0.58355707936117784396 12.60352415915483526021 -7.50292413552773229668
0.50000000099999997172 -0.04597174345938362383 1.01910929408655470674 -0.68002996990094333185 0.00413519672164149033 0.00914466743649125849 0.02475511342881009380 -0.20839819093446365628 4.05100315110353470516 -2.71372410096330707319
0.34999990563256833109 -0.00113513282351389517 0.50780309503119636094 -0.31555065076435900862 0.10859357312574867416 0.00257120652141632714 -0.03879520319047517068 -0.00206333608262915941 2.93963254761208947485 -1.74224976104736906102
0.75000000099999997172 0.08851101115907011874 2.41512291030890002830 -1.39128142121662046193 0.09767124052941345003 -0.00716071328101035732 -0.04488570724449610083 0.31132830067261685336 6.50198567944015692888 -3.60662520373850048472
0.90000009636743161234 0.15772622349446407952 3.19586161163198489987 -2.33282324793630158055 0.10959479495832349927 0.01270691838049238867 -0.06271992740793039256 0.66647065074495748238 7.12392901118803756333 -5.17206264097534784696
3.70000004868371590305 2.63839608818591919714 61.53580538623163675993 -28.16809155498203409707 0.30621004456333106303 0.05892017539222369621 -0.01720816986468384074 1.64171273393730210444 33.76316345801557616824 -13.85591842668566542329
0.75000000099999997172 0.17688824536628383610 2.38796095334893188067 -1.42666528682311044562 0.11519164214033578153 0.03715561973673245366 -0.09399101052161429326 0.55960088546721920011 6.45092949526527270621 -3.68597452654456336774
1.59999990563256844212 -0.27557550614667258859 10.63744578568524801199 -7.05622466776861845261 0.00279773721831051052 0.00073260484937716678 0.11801426411462777322 -0.46697699128885061803 13.30609656262122086900 -8.84121128588836313611
0.95000004868371579203 0.41815850712560737046 3.66956665124109049358 -2.50056269968951738747 -0.02125663051576349299 0.02674698539460237945 0.00649772876215864905 0.86553663377339196128 7.65391067682895265278 -5.32335231775351136463
0.54999995331628415141 0.24794913109039914967 1.27963493777468717560 -0.70546784255424965782 0.15603330538814477735 0.03870037334956353409 -0.03346392529615652839 0.88225652755388639381 4.71686502127776030591 -2.44596039588141822563
0.34999990563256833109 0.08582028340800902655 0.53530883023617570338 -0.27486753051237788892 0.17452232804875300598 -0.00931777273583121908 -0.00164637102216045857 0.48499952033604315504 3.10544001216286824629 -1.47281033074055200949
0.50000000099999997172 0.18316144432882758286 1.10043164476553534392 -0.49299140039763672538 0.12816353737511368416 -0.00617372582280344053 -0.03223343867720780687 0.77992752804200038419 4.42118335127225847714 -1.87649230342447426167
2.55000019173486336399 9.21255941342391970750 26.49747944505709540408 -12.76072771011359563431 0.17346766266753665953 0.06372573261715269721 -0.16128211206366707686 8.03871839981068703196 20.80135092775307015245 -9.30070083826997517917
1.19999981026513680149 1.54260583754044944271 5.88389337453623095797 -3.24112281663313428481 0.17585936884620634313 0.07166375726480603281 0.05884332971729345357 2.43587083198373433035 10.03165500837701706871 -5.01388486376357267460
2.70000004868371590305 8.70933065506287817925 30.98697978784509388106 -15.15426492822798465454 -0.02325014855538488218 0.10799273112713525524 -0.04838512714793961195 6.64166370311611053978 22.88811086435734054589 -11.43697815689805530326
1.04999995331628426243 1.49779832536079049454 4.95604224889088218475 -1.35892363280451355934 0.17566293264089050119 0.04865730393954052074 -0.14299169629139235616 3.09077456733205302442 9.48287326192186874607 -2.25412869301817320178
0.75000000099999997172 0.45141146084637862046 2.52453783138972154276 -0.97615155339878945107 0.07064405252690184045 0.02314363851493051252 0.05446020759637291986 1.23336433746957818691 6.78348623556453578232 -2.57646214723347410924
0.45000004868371579203 0.27113837427616105380 0.93777977615681062940 -0.25882283705513775551 0.12515155589201368280 0.04854434376049969468 -0.09026352945700814867 1.22296236288446058538 4.17988344435266601096 -1.04806237967509785491
1.00000000100000008274 0.94604673842286901575 4.69169918938527885643 -1.29622033027923189152 -0.02931436322753719001 0.02595096072155142486 -0.03612687334049129867 1.97868619927108180256 9.34014878002752801933 -2.64518014023191261330
0.29999995331628415141 0.07543271978460590332 0.42196761129628307385 -0.10750864131589445150 0.05872575225074469496 0.06724322227180037914 0.00131614609021022820 0.51016462646771232325 2.82684691491683093290 -0.69394866752441819457
0.70000004868371579203 0.32846198139118104598 2.34487988603053087999 -0.53013140306917783118 0.02039245437893901641 0.06175245723815882271 -0.00842129344252588556 0.99324504478290531750 6.68645067708618778823 -1.53240763211261166177
0.50000000099999997172 0.21279969936560372279 1.15555269390376391669 -0.32212761721942462234 -0.03077112121065317049 0.01138268773628163186 0.03437572257254601499 0.79425560770389214138 4.62932234752723115179 -1.30770347577928958138
0.90000009636743161234 0.44298209007439581786 3.84343382653029497220 -0.99797927007004927358 -0.24204695210185847576 0.04411526016315326509 0.10877657249515658433 0.76040595813086508947 8.46330960423474643051 -2.53958243270706107708
0.39999985794885251078 0.09723320325138334885 0.73004331531476640560 -0.25176125039922242488 -0.25530551696249026428 0.02080819937681688964 0.05042540544642171857 0.44066235842540141254 3.58925419785013311014 -1.40927908136647195292
0.60000014405114743266 0.18103795274060863196 1.60035484089232538096 -0.60355224439660182245 -0.26600342273498828183 0.00920435747149500778 0.08776235879723717770 0.53279816438695626335 5.26275853960670225717 -2.22891245189203068833
0.54999995331628415141 0.25018748979999100301 1.36069441591351747434 -0.48592576356676020488 -0.29509380107310823060 0.03249048149150690623 0.09697562995259662033 0.81520981760035460262 4.85402220402750561590 -2.01477697007329314971
0.54999995331628415141 0.28410271194758213165 1.30643637463431971923 -0.60318773957266424990 -0.28128449590653281653 0.07808640835200612862 0.20661384189066409056 0.89934339266519358613 4.66563177520586247482 -2.42730607673312048789
0.79999995331628415141 0.54061702581158521674 2.73780009501844867614 -1.42229874332810246607 -0.34685961464222808681 0.05427118249253769927 0.09885848061420426935 1.20679118115167161029 6.61444577049380111333 -3.92542139852383220600
0.50000000099999997172 0.22306296568286895776 1.03318205033200838372 -0.59493847161093149634 -0.26232428782776351373 0.04013515238948828223 0.07658481394589496116 0.82241215393139466272 3.99080088492588158644 -2.57114778038175950670
0.65000009636743161234 0.38835337592180024791 1.76378193274819294878 -0.97822445042565309148 -0.08807707023806735092 -0.02173461758015667739 0.01021325137729138174 1.16308933547164161659 5.41831017166000883378 -3.05507439345551468080
3.40000009636743172337 2.91866490573149039989 42.06881539833586458599 -37.93378390326031279756 -0.31535281207582926966 0.01984129320935742666 0.20400511704402690683 1.18772114771023762358 23.91009352414203448234 -23.37690693366946703691
3.25000000100000008274 11.07807742768216030527 47.46449732612620664440 -16.27241567624014706439 0.38384226263816106917 -0.09435756815171833511 -0.14837977598715962335 7.99799974747247777174 29.80458116019799774676 -7.30902899937011785170
1.64999985794885262180 0.67621261607495242174 11.26995788600978265492 -6.01677391557232876806 0.15242000780163000861 0.03593708964023936692 -0.02563772085225286476 0.97073154318027954357 13.84667029961507722646 -6.82616713772671435123
2.60000014405114754368 6.31633404937313347460 28.86637205927488025736 -10.48929217228617538638 0.36004747068687409373 0.00248590556865889954 -0.15411650799497511599 5.69538985348084558780 22.77588337276856833569 -6.03413322553415465421
1.19999981026513680149 0.68919472302129192176 6.00205665072674943161 -3.71706163927298582905 0.01597890549175508962 0.08112878915409832414 -0.02123233649887259350 1.18149293697115309598 10.01732096161709684168 -6.19908884812171212531
2.60000014405114754368 4.74485213832617791496 27.87248779506614937418 -16.16384133879882867291 0.00042328933077947839 -0.09275112414228239843 -0.01965150769020392735 3.83428633781115690837 21.49696620482808739894 -12.41769342251557617374
0.95000004868371579203 0.52922992410626001902 3.95077344163487920170 -2.05177956958348373107 -0.00410393004632457134 0.04710912700801335451 0.03427650421443316497 0.95485527179482787563 8.36427197567760849495 -4.33500367581087164837
3.14999985794885262180 4.72177416890154244555 40.54800214675124436781 -25.98294575960028041095 -0.52970442302921816324 0.07412396828668331439 0.23914890695195173409 2.03703006751968418442 23.61014505442079425279 -18.93432703931589600188
1.60000014405114754368 1.08895370020079251816 8.43187359568456251679 -8.84453201755665929795 -0.68914239910083829876 0.08995908924224572945 0.24256942597961564378 0.92773504778333171217 9.04646770315863157919 -12.16187723802165621123
3.50000000100000008274 5.53237668345503852407 48.09889203803509616364 -28.64727068498721607170 0.13163212029048249052 -0.06390793627065531612 0.00551174818809081323 3.48789691275575064466 27.74843054604007264174 -15.52829721187615419353
0.69999981026513669047 0.29885444976689667929 1.97252602672960586361 -1.30744298685745374833 0.02355599696478759969 -0.00804991469252706177 -0.03583211936041984930 0.71903234247187486350 5.65362560226873700486 -3.64751388778554197501
2.90000009636743172337 6.44249076722445668253 36.77720951157543538557 -10.76353294888431477716 0.77258421338147131863 0.01240624920078343442 -0.22735594512526791089 5.76094656548585337674 25.84625802294302232553 -3.93047227846193347744
1.29999995331628426243 0.81250576273865671162 7.16729949196907867304 -3.14070300827115200804 0.62603638207439571417 0.12312136487463137824 -0.26395105752046887915 1.92696914085504844572 11.29884062601426641947 -3.64516815190083987019
0.75000000099999997172 0.39120036576559835684 2.08160499166760626366 -0.90180111014454222840 0.44987435250249929730 0.05419604958760738944 -0.11053771654868496666 1.15276141480998162159 5.66985063267596967052 -1.98520854044763317425
0.95000004868371579203 1.26832104376037513305 4.05968057452064989832 -1.36742429247824492933 0.61034837559288412923 0.07125447015032092268 -0.21170563538731254627 3.00716659609578984558 8.66968032568993862697 -1.91691327423383262030
0.45000004868371579203 0.24278908087173445285 0.91974816997121222606 -0.35221065580849808541 0.16941117950188855357 0.02284449164361374018 -0.06414136373313662765 1.13601130800873328930 4.11510634919991158398 -1.44923830361057670579
3.95000004868371590305 16.27640175636204844523 69.50438419499310782612 -27.04215380094185761095 -0.13946323355372031161 0.19471673098171701777 -0.02288851796370208400 7.83074005105430970275 34.51251415102721153971 -15.21708453906927083210
0.89999985794885251078 0.75024078913919167722 3.54569865522308758088 -1.60550547397705267727 -0.34675083894523289763 0.05179432015375737969 0.11380493780369546619 1.42533085905037504304 7.64967974374519421588 -4.02098251933407269121
1.10000014405114754368 0.64848541344268673114 5.13030995689688573691 -2.81075320543418216701 -0.27059104976302139622 0.11720306678689830504 0.16732081164239059889 0.97573185410838891851 9.16743047927960930110 -5.50556056198092935716
1.59999990563256844212 1.28614267221610512060 11.31998786737197981722 -4.76085387073879662267 -0.24152759007632523813 0.02006162486697551928 0.05143653784746963359 1.51418852321769503710 13.89107402718230233063 -6.58139871001400234007
2.29999995331628426243 0.91385467250814800266 20.86780706491230574784 -13.72975968403292057474 -0.85925460043118484510 0.24454220043135621587 0.26475079578668792024 -0.48395316861626419547 16.19436026712973841768 -14.04620041046017320241
0.50000000099999997172 0.25108196194632909082 1.02576762541548860419 -0.51031746205204575606 -0.29391479856068813969 0.04220628688817885943 0.10128153315604691842 0.90125989374565584900 4.01361216479745763763 -2.22667607631658981404
1.70000004868371590305 2.08934684851368146496 9.63705092405447594217 -7.51734979299943795183 -0.56537889287206244404 0.02583851974537872132 0.19136260659059639577 2.26342582669374925430 10.42511832693081075263 -9.96795930318167933137
0.75000000099999997172 0.51640982402284307806 2.47734060869018613005 -1.09188796614238947669 0.09876447238483711255 0.05213501409381679497 0.00755472813125996311 0.99614413523255662675 6.61624364027423528256 -2.70839530152147833775
1.54999995331628426243 2.60983756025093516229 11.08085515073569204958 -2.36123825884949889442 0.32634256929368965494 -0.09235171282934520609 -0.12193684583997152493 3.59592917516525600874 14.38500974693740630528 -2.13990539401107060513
4.79999995331628426243 2.23449067675540113953 97.72077870679802913401 -49.41474270926415357508 0.10585787381919399552 -0.02582688815066697466 0.05925525087615653164 1.26405673344068825159 40.97030744900904863925 -19.95425490064036111448
